1 0.01562976837158203
2 0.1574852466583252
1 0.0
2 0.0
1 0.0
2 0.15624237060546875
1 0.015613555908203125
2 0.0
1 0.0
2 0.0
1 0.0
2 0.015631437301635742
1 0.0
2 0.0
1 0.0
2 0.0
1 0.0
2 0.0
1 0.0
2 0.0
1 0.0
2 0.0
1 0.0
2 0.0
1 0.0
2 0.01562356948852539
1 0.0
2 0.015623807907104492
1 0.0
2 0.0
1 0.0
2 0.015624761581420898
1 0.0
2 0.015623331069946289
1 0.0
2 0.015623807907104492
1 0.015623331069946289
2 0.0
1 0.0
2 0.015624284744262695
1 0.0
2 0.015624046325683594
1 0.0
2 0.0
1 0.0
2 0.01562356948852539
1 0.0
2 0.0
1 0.0
2 0.015622615814208984
1 0.0
2 0.0
1 0.0
2 0.0
1 0.0
2 0.0
1 0.0
2 0.015623331069946289
1 0.0
2 0.0
1 0.0
2 0.0
1 0.0
2 0.0
1 0.0
2 0.0
1 0.0
2 0.0
1 0.0
2 0.0
1 0.0
2 0.015546083450317383
1 0.0
2 0.0
1 0.0
2 0.015549898147583008
1 0.0
2 0.0
1 0.015612363815307617
2 0.0
1 0.0
2 0.006000041961669922
1 0.0010004043579101562
2 0.006109714508056641
1 0.0
2 0.0
1 0.0
2 0.015624523162841797
1 0.0
2 0.016831159591674805
1 0.0
2 0.0
1 0.0
2 0.015623807907104492
1 0.0
2 0.0
1 0.0
2 0.016814470291137695
1 0.0
2 0.015662670135498047
1 0.0
2 0.015614032745361328
1 0.0
2 0.015624046325683594
1 0.015614748001098633
2 0.1406090259552002
1 0.0
2 0.015631675720214844
1 0.0
2 0.0
1 0.0
2 0.0
1 0.0
2 0.0
1 0.0
2 0.0
1 0.0
2 0.0
1 0.0
2 0.0
1 0.015611410140991211
2 0.015631914138793945
1 0.0
2 0.0
1 0.015623092651367188
2 0.0
1 0.0
2 0.015633821487426758
1 0.0
2 0.0
1 0.0
2 0.0
1 0.0
2 0.0
1 0.0
2 0.0
1 0.0
2 0.0
1 0.0
2 0.0
1 0.0
2 0.01562047004699707
1 0.0
2 0.0155487060546875
1 0.0
2 0.015567302703857422
1 0.0
2 0.0
1 0.0
2 0.0
1 0.015624523162841797
2 0.0
1 0.0
2 0.0
1 0.0
2 0.0
1 0.0
2 0.0
1 0.0
2 0.0
1 0.0
2 0.0
1 0.0
2 0.01563286781311035
1 0.0
2 0.0
1 0.0
2 0.0
1 0.0
2 0.0
1 0.0
2 0.0
1 0.0
2 0.015624046325683594
1 0.0
2 0.0
1 0.0
2 0.015623807907104492
1 0.0
2 0.0
1 0.0
2 0.01569199562072754
1 0.0
2 0.0
1 0.0
2 0.0
1 0.0
2 0.015627145767211914
1 0.0
2 0.015624284744262695
1 0.0
2 0.0
1 0.0
2 0.0
1 0.0
2 0.01563262939453125
1 0.0
2 0.0
1 0.0
2 0.0
1 0.0
2 0.015623807907104492
1 0.0
2 0.015623807907104492
1 0.0
2 0.0
1 0.0
2 0.0
1 0.0
2 0.0
1 0.0
2 0.015549421310424805
1 0.0
2 0.0
1 0.0
2 0.0
1 0.0
2 0.0
1 0.0
2 0.015627622604370117
1 0.0
2 0.015631914138793945
1 0.0
2 0.01561427116394043
1 0.0
2 0.0
1 0.015623331069946289
2 0.0
1 0.0
2 0.0
1 0.0
2 0.0
1 0.0
2 0.0
1 0.0
2 0.015633106231689453
1 0.0
2 0.0
1 0.0
2 0.0
1 0.0
2 0.01562356948852539
1 0.0
2 0.0
1 0.0
2 0.015612363815307617
1 0.0
2 0.0
1 0.0
2 0.0
1 0.0
2 0.015623092651367188
1 0.0
2 0.0
1 0.0
2 0.015623331069946289
1 0.0
2 0.0
1 0.0
2 0.015633821487426758
1 0.0
2 0.01563286781311035
1 0.0
2 0.0
1 0.0
2 0.0
1 0.0
2 0.0
1 0.0
2 0.0
1 0.0
2 0.015624523162841797
1 0.0
2 0.015612125396728516
1 0.0
2 0.0
1 0.0
2 0.0
1 0.0
2 0.015634775161743164
1 0.0
2 0.015614032745361328
1 0.0
2 0.0
1 0.0
2 0.0
1 0.0
2 0.0
1 0.0
2 0.0
1 0.0
2 0.015613317489624023
1 0.0
2 0.0
1 0.0
2 0.015622854232788086
1 0.0
2 0.015623092651367188
1 0.0
2 0.0
1 0.0
2 0.0
1 0.0
2 0.015623331069946289
1 0.0
2 0.015613555908203125
1 0.0
2 0.0
1 0.0
2 0.0
1 0.0
2 0.015612363815307617
1 0.0
2 0.015623092651367188
1 0.0
2 0.0
1 0.0
2 0.0
1 0.0
2 0.0
1 0.0
2 0.015623807907104492
1 0.0
2 0.0
1 0.0
2 0.0
1 0.015624284744262695
2 0.0
1 0.0
2 0.0
1 0.0
2 0.0
1 0.0
2 0.0
1 0.0
2 0.0
1 0.0
2 0.0
1 0.0
2 0.0
1 0.0
2 0.0
1 0.0
2 0.015624046325683594
1 0.0
2 0.0
1 0.0
2 0.015625
1 0.0
2 0.0
1 0.0
2 0.015614748001098633
1 0.0
2 0.0
1 0.0
2 0.015623092651367188
1 0.0
2 0.015631914138793945
1 0.0
2 0.0
1 0.0
2 0.015621662139892578
1 0.0
2 0.0
1 0.0
2 0.015609502792358398
1 0.0
2 0.0
1 0.0
2 0.006999969482421875
1 0.0
2 0.005999088287353516
1 0.0009992122650146484
2 0.005999326705932617
1 0.0
2 0.0060002803802490234
1 0.0009999275207519531
2 0.00599980354309082
1 0.0
2 0.007000446319580078
1 0.0
2 0.007001161575317383
1 0.0009999275207519531
2 0.005998849868774414
1 0.0
2 0.006999015808105469
1 0.00099945068359375
2 0.006999969482421875
1 0.0010004043579101562
2 0.006000041961669922
1 0.0
2 0.00700068473815918
1 0.0
2 0.0069997310638427734
1 0.0
2 0.007999181747436523
1 0.0
2 0.007999897003173828
1 0.0
2 0.005998373031616211
1 0.0009996891021728516
2 0.006000518798828125
1 0.0
2 0.007000446319580078
1 0.0
2 0.0069997310638427734
1 0.0
2 0.005999565124511719
1 0.0009999275207519531
2 0.0070002079010009766
1 0.0009999275207519531
2 0.0060002803802490234
1 0.0
2 0.0070002079010009766
1 0.0009996891021728516
2 0.00599980354309082
1 0.0009999275207519531
2 0.0060002803802490234
1 0.0
2 0.00699925422668457
1 0.0
2 0.031247615814208984
1 0.0
2 0.0
1 0.0
2 0.0
1 0.0
2 0.0
1 0.0
2 0.0
1 0.0
2 0.0
1 0.0
2 0.0
1 0.0
2 0.0
1 0.0
2 0.0
1 0.0
2 0.0
1 0.0
2 0.0
1 0.0
2 0.015623331069946289
1 0.0
2 0.015624046325683594
1 0.0
2 0.0
1 0.0
2 0.0
1 0.0
2 0.015622138977050781
1 0.0
2 0.015622615814208984
1 0.0
2 0.0
1 0.0
2 0.015623807907104492
1 0.0
2 0.0
1 0.0
2 0.023993492126464844
1 0.0
2 0.0019996166229248047
1 0.0019998550415039062
2 0.002000570297241211
1 0.0009996891021728516
2 0.002000093460083008
1 0.0
2 0.0
1 0.0
2 0.0
1 0.0
2 0.0
1 0.0
2 0.0157012939453125
1 0.0
2 0.0
1 0.0
2 0.0
1 0.0
2 0.015626192092895508
1 0.0
2 0.015621423721313477
1 0.0
2 0.0
1 0.0
2 0.0
1 0.0
2 0.015629053115844727
1 0.0
2 0.0
1 0.0
2 0.0
1 0.0
2 0.015622377395629883
1 0.0
2 0.0
1 0.0
2 0.015591144561767578
1 0.0009984970092773438
2 0.024001359939575195
1 0.0010066032409667969
2 0.005001544952392578
1 0.0010068416595458984
2 0.00296783447265625
1 0.0
2 0.003000020980834961
1 0.0
2 0.0029997825622558594
1 0.0
2 0.002999544143676758
1 0.0
2 0.002999544143676758
1 0.0010001659393310547
2 0.0019996166229248047
1 0.0
2 0.0029990673065185547
1 0.0009999275207519531
2 0.001999378204345703
1 0.0010004043579101562
2 0.007543802261352539
1 0.0009999275207519531
2 0.00800013542175293
1 0.0010004043579101562
2 0.0060002803802490234
1 0.0009999275207519531
2 0.0060002803802490234
1 0.0009996891021728516
2 0.007000446319580078
1 0.0
2 0.006000041961669922
1 0.0009999275207519531
2 0.0070002079010009766
1 0.0
2 0.006999492645263672
1 0.0
2 0.006999969482421875
1 0.0
2 0.0069921016693115234
1 0.0010001659393310547
2 0.002003908157348633
1 0.0010001659393310547
2 0.0020003318786621094
1 0.0
2 0.0029993057250976562
1 0.0010006427764892578
2 0.0020055770874023438
1 0.0009999275207519531
2 0.0020008087158203125
1 0.0009996891021728516
2 0.0020003318786621094
1 0.0
2 0.003000497817993164
1 0.0
2 0.002998828887939453
1 0.0010113716125488281
2 0.002947568893432617
1 0.0
2 0.001997709274291992
1 0.015623092651367188
2 0.04687023162841797
1 0.0
2 0.015623331069946289
1 0.0
2 0.012001752853393555
1 0.00099945068359375
2 0.00800013542175293
1 0.0010001659393310547
2 0.0069997310638427734
1 0.0010020732879638672
2 0.006998300552368164
1 0.0010766983032226562
2 0.0070035457611083984
1 0.001003265380859375
2 0.006920337677001953
1 0.0
2 0.006999969482421875
1 0.0010004043579101562
2 0.0069997310638427734
1 0.0010001659393310547
2 0.0030090808868408203
1 0.0
2 0.0030028820037841797
1 0.0
2 0.0030028820037841797
1 0.0009992122650146484
2 0.0020072460174560547
1 0.0009996891021728516
2 0.002000570297241211
1 0.0
2 0.0029997825622558594
1 0.0
2 0.00298309326171875
1 0.0010001659393310547
2 0.0019965171813964844
1 0.0009982585906982422
2 0.002004861831665039
1 0.0009999275207519531
2 0.0020058155059814453
1 0.00099945068359375
2 0.006999492645263672
1 0.0
2 0.0059642791748046875
1 0.0
2 0.0
1 0.0
2 0.0
1 0.0009996891021728516
2 0.0060002803802490234
1 0.0
2 0.006001472473144531
1 0.0009999275207519531
2 0.007000923156738281
1 0.0
2 0.007007122039794922
1 0.0009999275207519531
2 0.00700068473815918
1 0.0
2 0.005999326705932617
1 0.0
2 0.006006956100463867
1 0.0
2 0.005999565124511719
1 0.0009999275207519531
2 0.0029997825622558594
1 0.0009996891021728516
2 0.0019998550415039062
1 0.0010001659393310547
2 0.001999378204345703
1 0.0
2 0.0029993057250976562
1 0.0
2 0.0
1 0.0
2 0.01573038101196289
1 0.0
2 0.0
1 0.0
2 0.0
1 0.0
2 0.015624284744262695
1 0.0
2 0.015622377395629883
1 0.0
2 0.016869306564331055
1 0.0
2 0.0
1 0.0
2 0.015622615814208984
1 0.0
2 0.015623092651367188
1 0.015624523162841797
2 0.0
1 0.0
2 0.015622854232788086
1 0.0
2 0.0
1 0.0
2 0.015634775161743164
1 0.0
2 0.0
1 0.0
2 0.0
1 0.015623092651367188
2 0.0
1 0.0
2 0.0
1 0.0
2 0.0
1 0.0
2 0.0
1 0.015622854232788086
2 0.0
1 0.0
2 0.0
1 0.0
2 0.0
1 0.0
2 0.0
1 0.0
2 0.01562356948852539
1 0.0
2 0.015623807907104492
1 0.0
2 0.015622854232788086
1 0.0
2 0.015623807907104492
1 0.0
2 0.0
1 0.0
2 0.015623331069946289
1 0.0
2 0.0
1 0.0
2 0.0
1 0.0
2 0.015623092651367188
1 0.0
2 0.0
1 0.0
2 0.0
1 0.0
2 0.015623092651367188
1 0.0
2 0.015623331069946289
1 0.0
2 0.0
1 0.0
2 0.0
1 0.0
2 0.0
1 0.0
2 0.0
1 0.0
2 0.0
1 0.0
2 0.01562356948852539
1 0.0
2 0.0
1 0.002000093460083008
2 0.01199960708618164
1 0.0010001659393310547
2 0.01100015640258789
1 0.0009999275207519531
2 0.008999824523925781
1 0.0009996891021728516
2 0.00599980354309082
1 0.0010004043579101562
2 0.007999897003173828
1 0.0
2 0.0069997310638427734
1 0.0
2 0.006999969482421875
1 0.0010006427764892578
2 0.0060002803802490234
1 0.0010001659393310547
2 0.009000062942504883
1 0.0010001659393310547
2 0.007999897003173828
1 0.0
2 0.0
1 0.0
2 0.0
1 0.0
2 0.0
1 0.0
2 0.0
1 0.0
2 0.0
1 0.0
2 0.0
1 0.0
2 0.0
1 0.0
2 0.0
1 0.0
2 0.015614986419677734
1 0.0
2 0.0
1 0.0010111331939697266
2 0.006063222885131836
1 0.0010030269622802734
2 0.005988121032714844
1 0.0009999275207519531
2 0.00800013542175293
1 0.0009999275207519531
2 0.0070002079010009766
1 0.0009999275207519531
2 0.006999969482421875
1 0.0
2 0.007999897003173828
1 0.0009999275207519531
2 0.0069997310638427734
1 0.0
2 0.005999326705932617
1 0.0
2 0.007999897003173828
1 0.0
2 0.00800013542175293
1 0.0009999275207519531
2 0.004999876022338867
1 0.0
2 0.004999637603759766
1 0.0010008811950683594
2 0.0020074844360351562
1 0.0010004043579101562
2 0.0030028820037841797
1 0.0
2 0.0030066967010498047
1 0.0
2 0.0030002593994140625
1 0.0009999275207519531
2 0.003000020980834961
1 0.0009999275207519531
2 0.0030002593994140625
1 0.0
2 0.002999544143676758
1 0.0010001659393310547
2 0.0019996166229248047
1 0.0
2 0.007008075714111328
1 0.0010001659393310547
2 0.007999420166015625
1 0.00099945068359375
2 0.0070002079010009766
1 0.0
2 0.007999420166015625
1 0.0
2 0.007999897003173828
1 0.0
2 0.006999969482421875
1 0.0
2 0.0070002079010009766
1 0.0009999275207519531
2 0.007999897003173828
1 0.0
2 0.0070002079010009766
1 0.0009999275207519531
2 0.0070002079010009766
1 0.0
2 0.00899958610534668
1 0.0
2 0.008998870849609375
1 0.0
2 0.003000020980834961
1 0.0
2 0.002999544143676758
1 0.0009996891021728516
2 0.003009319305419922
1 0.0020003318786621094
2 0.002999544143676758
1 0.0009999275207519531
2 0.002004384994506836
1 0.0009999275207519531
2 0.003000020980834961
1 0.0020008087158203125
2 0.0029997825622558594
1 0.0010008811950683594
2 0.0029993057250976562
1 0.0009996891021728516
2 0.007000446319580078
1 0.0
2 0.006999969482421875
1 0.0
2 0.007000446319580078
1 0.0
2 0.006999969482421875
1 0.0009915828704833984
2 0.008999824523925781
1 0.0010066032409667969
2 0.007992744445800781
1 0.0
2 0.006999969482421875
1 0.0
2 0.0070002079010009766
1 0.0
2 0.015706300735473633
1 0.0
2 0.01561427116394043
1 0.0009999275207519531
2 0.006000518798828125
1 0.0010001659393310547
2 0.006011009216308594
1 0.0
2 0.0
1 0.0
2 0.015635251998901367
1 0.0009982585906982422
2 0.0020017623901367188
1 0.0
2 0.003009319305419922
1 0.001007080078125
2 0.003000020980834961
1 0.0
2 0.0020074844360351562
1 0.0
2 0.003000497817993164
1 0.0009999275207519531
2 0.002003908157348633
1 0.0
2 0.0069658756256103516
1 0.0
2 0.006985187530517578
1 0.0
2 0.0
1 0.0
2 0.0
1 0.0
2 0.015631437301635742
1 0.0
2 0.0
1 0.0
2 0.015623331069946289
1 0.0
2 0.0
1 0.0
2 0.0
1 0.0
2 0.015624761581420898
1 0.0
2 0.015623331069946289
1 0.0
2 0.015623807907104492
1 0.0
2 0.0
1 0.0
2 0.0
1 0.0
2 0.0
1 0.0
2 0.0
1 0.0
2 0.0
1 0.0
2 0.015622138977050781
1 0.0
2 0.015633821487426758
1 0.0
2 0.0
1 0.0
2 0.0
1 0.0
2 0.015633106231689453
1 0.0
2 0.0
1 0.0
2 0.01563239097595215
1 0.0
2 0.0
1 0.0
2 0.015624523162841797
1 0.0
2 0.0
1 0.0
2 0.015624284744262695
1 0.0010004043579101562
2 0.00599980354309082
1 0.0009999275207519531
2 0.00599980354309082
1 0.0009996891021728516
2 0.009000062942504883
1 0.0
2 0.005999565124511719
1 0.0009996891021728516
2 0.0019998550415039062
1 0.0
2 0.0029990673065185547
1 0.0010004043579101562
2 0.003000020980834961
1 0.0
2 0.0020034313201904297
1 0.0
2 0.0029997825622558594
1 0.0009999275207519531
2 0.003000497817993164
1 0.0
2 0.0029993057250976562
1 0.001007080078125
2 0.0019996166229248047
1 0.0009999275207519531
2 0.007999897003173828
1 0.0
2 0.00800013542175293
1 0.0009999275207519531
2 0.008000612258911133
1 0.0009996891021728516
2 0.0069997310638427734
1 0.0
2 0.007999897003173828
1 0.0010001659393310547
2 0.008000850677490234
1 0.0010001659393310547
2 0.00599980354309082
1 0.0009920597076416016
2 0.007000446319580078
1 0.0
2 0.007000446319580078
1 0.0010001659393310547
2 0.00599980354309082
1 0.0
2 0.0030031204223632812
1 0.0009999275207519531
2 0.0020074844360351562
1 0.0010001659393310547
2 0.002999544143676758
1 0.0
2 0.003003358840942383
1 0.0010023117065429688
2 0.0029981136322021484
1 0.0
2 0.0020041465759277344
1 0.0009999275207519531
2 0.002002239227294922
1 0.0009999275207519531
2 0.0019996166229248047
1 0.0
2 0.002008676528930664
1 0.0009999275207519531
2 0.0019998550415039062
1 0.0
2 0.007000923156738281
1 0.0010080337524414062
2 0.006991863250732422
1 0.0
2 0.0069997310638427734
1 0.0009999275207519531
2 0.006999969482421875
1 0.0010006427764892578
2 0.00699925422668457
1 0.0010004043579101562
2 0.007999658584594727
1 0.0
2 0.005999565124511719
1 0.0010006427764892578
2 0.005999326705932617
1 0.0
2 0.0069997310638427734
1 0.0
2 0.006999969482421875
1 0.0
2 0.0030007362365722656
1 0.0009999275207519531
2 0.0020072460174560547
1 0.0009996891021728516
2 0.0020003318786621094
1 0.0
2 0.0020072460174560547
1 0.0009992122650146484
2 0.002000093460083008
1 0.0010001659393310547
2 0.001999378204345703
1 0.0010013580322265625
2 0.0019996166229248047
1 0.0
2 0.0029952526092529297
1 0.0009918212890625
2 0.002000570297241211
1 0.0009992122650146484
2 0.0029931068420410156
1 0.0009999275207519531
2 0.00800013542175293
1 0.0
2 0.0070002079010009766
1 0.0
2 0.0069997310638427734
1 0.0009996891021728516
2 0.0070002079010009766
1 0.0
2 0.007999658584594727
1 0.0009996891021728516
2 0.0070002079010009766
1 0.0009999275207519531
2 0.006999969482421875
1 0.0009999275207519531
2 0.0070002079010009766
1 0.00099945068359375
2 0.005999088287353516
1 0.0009999275207519531
2 0.0060007572174072266
1 0.0
2 0.0029997825622558594
1 0.0010001659393310547
2 0.0019991397857666016
1 0.0009992122650146484
2 0.002005338668823242
1 0.0009775161743164062
2 0.0020036697387695312
1 0.0010008811950683594
2 0.002003908157348633
1 0.0
2 0.003000020980834961
1 0.0010001659393310547
2 0.0020046234130859375
1 0.0009999275207519531
2 0.002004384994506836
1 0.0
2 0.0020003318786621094
1 0.0009999275207519531
2 0.002008676528930664
1 0.0
2 0.007999897003173828
1 0.0
2 0.006999969482421875
1 0.0
2 0.007999658584594727
1 0.0
2 0.006000041961669922
1 0.0009999275207519531
2 0.0070002079010009766
1 0.00099945068359375
2 0.007999897003173828
1 0.0010077953338623047
2 0.007992267608642578
1 0.0010008811950683594
2 0.00799870491027832
1 0.0
2 0.006999969482421875
1 0.0
2 0.006999969482421875
1 0.0010004043579101562
2 0.006999969482421875
1 0.0
2 0.007999897003173828
1 0.0009996891021728516
2 0.0020072460174560547
1 0.0
2 0.0030050277709960938
1 0.0010004043579101562
2 0.0020072460174560547
1 0.0009996891021728516
2 0.0020074844360351562
1 0.0010001659393310547
2 0.003000020980834961
1 0.0010001659393310547
2 0.002004861831665039
1 0.0010001659393310547
2 0.0020041465759277344
1 0.0010004043579101562
2 0.002007007598876953
1 0.0
2 0.006999969482421875
1 0.0010008811950683594
2 0.006999015808105469
1 0.0
2 0.00699925422668457
1 0.0
2 0.006998777389526367
1 0.0010006427764892578
2 0.0069997310638427734
1 0.0
2 0.0070002079010009766
1 0.0
2 0.0070002079010009766
1 0.0
2 0.0060002803802490234
1 0.0010004043579101562
2 0.0069997310638427734
1 0.0
2 0.0069997310638427734
1 0.0010001659393310547
2 0.0020079612731933594
1 0.0
2 0.0030028820037841797
1 0.0010004043579101562
2 0.0019998550415039062
1 0.0009999275207519531
2 0.001999378204345703
1 0.0010004043579101562
2 0.00200653076171875
1 0.0
2 0.0020074844360351562
1 0.000934600830078125
2 0.002030611038208008
1 0.0010030269622802734
2 0.0019729137420654297
1 0.0
2 0.0030083656311035156
1 0.0010001659393310547
2 0.0019996166229248047
1 0.0010075569152832031
2 0.006992340087890625
1 0.0009999275207519531
2 0.0070002079010009766
1 0.0
2 0.006999015808105469
1 0.0
2 0.006999492645263672
1 0.0
2 0.0070002079010009766
1 0.0
2 0.006999969482421875
1 0.0
2 0.007000446319580078
1 0.0
2 0.007000446319580078
1 0.0010001659393310547
2 0.009000062942504883
1 0.0
2 0.008000612258911133
1 0.0010004043579101562
2 0.007999658584594727
1 0.0009996891021728516
2 0.0030002593994140625
1 0.0009996891021728516
2 0.002000093460083008
1 0.0010001659393310547
2 0.003000020980834961
1 0.0010004043579101562
2 0.0029990673065185547
1 0.0009999275207519531
2 0.003000497817993164
1 0.0010004043579101562
2 0.0020036697387695312
1 0.0
2 0.003000020980834961
1 0.0
2 0.0020074844360351562
1 0.0009999275207519531
2 0.002000093460083008
1 0.0
2 0.007999897003173828
1 0.0010001659393310547
2 0.007999897003173828
1 0.0010006427764892578
2 0.0069997310638427734
1 0.0009999275207519531
2 0.009000301361083984
1 0.0
2 0.006999492645263672
1 0.0
2 0.00700068473815918
1 0.0009999275207519531
2 0.007000446319580078
1 0.0
2 0.007999420166015625
1 0.0
2 0.0069997310638427734
1 0.0009999275207519531
2 0.007000923156738281
1 0.0009996891021728516
2 0.006006717681884766
1 0.0
2 0.0070037841796875
1 0.0010006427764892578
2 0.002998828887939453
1 0.0009996891021728516
2 0.003000020980834961
1 0.0009996891021728516
2 0.0020051002502441406
1 0.0
2 0.003000020980834961
1 0.00099945068359375
2 0.0020051002502441406
1 0.0
2 0.003000497817993164
1 0.0
2 0.002999544143676758
1 0.0010001659393310547
2 0.0020046234130859375
1 0.0009992122650146484
2 0.007000446319580078
1 0.0
2 0.00702214241027832
1 0.0010006427764892578
2 0.00899958610534668
1 0.0009999275207519531
2 0.006000041961669922
1 0.0
2 0.009000301361083984
1 0.0009999275207519531
2 0.0070002079010009766
1 0.0010001659393310547
2 0.00599980354309082
1 0.0009999275207519531
2 0.006999969482421875
1 0.0010004043579101562
2 0.007999658584594727
1 0.0
2 0.009000062942504883
1 0.0005977153778076172
2 0.003000497817993164
1 0.0010001659393310547
2 0.0020067691802978516
1 0.0010008811950683594
2 0.002001523971557617
1 0.0
2 0.0029997825622558594
1 0.0009999275207519531
2 0.0020072460174560547
1 0.0010004043579101562
2 0.003000020980834961
1 0.0010008811950683594
2 0.002003192901611328
1 0.0
2 0.003000497817993164
1 0.0009999275207519531
2 0.002000570297241211
1 0.0
2 0.0030028820037841797
1 0.0
2 0.0
1 0.0
2 0.015625476837158203
1 0.0
2 0.015623807907104492
1 0.0
2 0.015623331069946289
1 0.0
2 0.01562356948852539
1 0.0
2 0.0
1 0.0010004043579101562
2 0.005999565124511719
1 0.0
2 0.007000446319580078
1 0.0009996891021728516
2 0.009000301361083984
1 0.0009999275207519531
2 0.007999658584594727
1 0.0
2 0.005993366241455078
1 0.0
2 0.005991935729980469
1 0.0010004043579101562
2 0.0039997100830078125
1 0.0009999275207519531
2 0.0019998550415039062
1 0.0
2 0.0029947757720947266
1 0.0009746551513671875
2 0.002010345458984375
1 0.0
2 0.0020003318786621094
1 0.0
2 0.002999544143676758
1 0.0010001659393310547
2 0.002000093460083008
1 0.0
2 0.0029997825622558594
1 0.0010001659393310547
2 0.009000062942504883
1 0.0
2 0.009000062942504883
1 0.0
2 0.0069997310638427734
1 0.0
2 0.0069997310638427734
1 0.0009999275207519531
2 0.007999897003173828
1 0.0010001659393310547
2 0.008999824523925781
1 0.0010006427764892578
2 0.005999326705932617
1 0.0
2 0.006999969482421875
1 0.0
2 0.015623331069946289
1 0.0
2 0.0
1 0.0
2 0.015610218048095703
1 0.0
2 0.0
1 0.0
2 0.0
1 0.0
2 0.0
1 0.0
2 0.0029997825622558594
1 0.0010089874267578125
2 0.0020029544830322266
1 0.001027822494506836
2 0.0019693374633789062
1 0.0
2 0.0029535293579101562
1 0.0
2 0.0020041465759277344
1 0.0
2 0.002004384994506836
1 0.0010004043579101562
2 0.006999492645263672
1 0.0
2 0.006999969482421875
1 0.0
2 0.0069522857666015625
1 0.0010328292846679688
2 0.0070095062255859375
1 0.0010063648223876953
2 0.007039308547973633
1 0.0
2 0.0069768428802490234
1 0.0
2 0.0
1 0.0
2 0.015624046325683594
1 0.0
2 0.0
1 0.0
2 0.015611410140991211
1 0.0
2 0.0
1 0.015620946884155273
2 0.0
1 0.0
2 0.0
1 0.0
2 0.01563549041748047
1 0.0
2 0.0
1 0.0
2 0.0
1 0.0
2 0.0
1 0.0
2 0.0
1 0.0
2 0.0
1 0.0
2 0.015724658966064453
1 0.0
2 0.0
1 0.0
2 0.015619039535522461
1 0.0
2 0.0
1 0.0
2 0.0
1 0.0
2 0.015629291534423828
1 0.0
2 0.0
1 0.0
2 0.0
1 0.0
2 0.015623092651367188
1 0.0
2 0.015602588653564453
1 0.0
2 0.0
1 0.0
2 0.0
1 0.0
2 0.0
1 0.0
2 0.0
1 0.0
2 0.015726566314697266
1 0.0
2 0.01572394371032715
1 0.0
2 0.0
1 0.0
2 0.0
1 0.0
2 0.015611410140991211
1 0.015726566314697266
2 0.0
1 0.0
2 0.0
1 0.0010001659393310547
2 0.0070002079010009766
1 0.0
2 0.007000446319580078
1 0.0010008811950683594
2 0.005999326705932617
1 0.0009999275207519531
2 0.006999492645263672
1 0.0010006427764892578
2 0.007001399993896484
1 0.0
2 0.0070056915283203125
1 0.0010004043579101562
2 0.006000041961669922
1 0.0009996891021728516
2 0.0060002803802490234
1 0.0009996891021728516
2 0.0070002079010009766
1 0.0
2 0.006999969482421875
1 0.0
2 0.0
1 0.0
2 0.01562356948852539
1 0.0
2 0.0
1 0.0
2 0.0
1 0.0009996891021728516
2 5.626678466796875e-05
1 0.0
2 0.0
1 0.0
2 0.015624761581420898
1 0.0
2 0.0
1 0.0
2 0.0
1 0.0
2 0.0
1 0.0
2 0.015623331069946289
1 0.0
2 0.0
1 0.0
2 0.015623807907104492
1 0.0
2 0.0
1 0.015612602233886719
2 0.0
1 0.0
2 0.015623807907104492
1 0.0
2 0.0
1 0.0
2 0.015624284744262695
1 0.0
2 0.01562356948852539
1 0.0
2 0.0
1 0.0
2 0.015631437301635742
1 0.0
2 0.0
1 0.0
2 0.015633106231689453
1 0.0
2 0.0
1 0.0
2 0.0
1 0.0
2 0.015622377395629883
1 0.0
2 0.015633821487426758
1 0.0
2 0.0
1 0.0
2 0.0
1 0.0
2 0.0
1 0.0
2 0.0
1 0.0
2 0.0
1 0.0
2 0.015623331069946289
1 0.0
2 0.0
1 0.0
2 0.0
1 0.0
2 0.015624284744262695
1 0.0
2 0.0
1 0.015623807907104492
2 0.0
1 0.0
2 0.015625715255737305
1 0.0
2 0.0
1 0.0
2 0.0
1 0.0
2 0.015632152557373047
1 0.0
2 0.0
1 0.0
2 0.0
1 0.0
2 0.0
1 0.0
2 0.0
1 0.0
2 0.0
1 0.0
2 0.015628337860107422
1 0.0
2 0.0
1 0.0
2 0.0
1 0.0
2 0.0
1 0.0
2 0.015557527542114258
1 0.0
2 0.015628337860107422
1 0.0
2 0.0
1 0.0
2 0.0
1 0.0
2 0.015622854232788086
1 0.0
2 0.0
1 0.0
2 0.0
1 0.0
2 0.0
1 0.0
2 0.015586137771606445
1 0.0
2 0.0
1 0.0
2 0.015615224838256836
1 0.0
2 0.0
1 0.0
2 0.0
1 0.0
2 0.0
1 0.0
2 0.0
1 0.0
2 0.0
1 0.0
2 0.0
1 0.0
2 0.0
1 0.0
2 0.0
1 0.0
2 0.015631675720214844
1 0.0
2 0.015614748001098633
1 0.0
2 0.015705347061157227
1 0.0
2 0.015624046325683594
1 0.0
2 0.01561594009399414
1 0.0
2 0.0
1 0.0
2 0.0
1 0.0
2 0.0
1 0.0
2 0.0
1 0.0
2 0.0
1 0.0
2 0.015615224838256836
1 0.0
2 0.0
1 0.0
2 0.0
1 0.0
2 0.0
1 0.0
2 0.0
1 0.0
2 0.015623331069946289
1 0.0
2 0.0
1 0.0
2 0.0
1 0.0
2 0.0
1 0.0
2 0.0
1 0.0
2 0.015616416931152344
1 0.0
2 0.0
1 0.0
2 0.0
1 0.0
2 0.015623807907104492
1 0.0
2 0.0
1 0.0
2 0.015623331069946289
1 0.0
2 0.0
1 0.0
2 0.0
1 0.0
2 0.01562356948852539
1 0.0
2 0.015622854232788086
1 0.0
2 0.015624284744262695
1 0.0
2 0.0
1 0.015623807907104492
2 0.0
1 0.0
2 0.0
1 0.0
2 0.0
1 0.0
2 0.0
1 0.0
2 0.0
1 0.0
2 0.015587568283081055
1 0.0
2 0.0
1 0.0
2 0.01563262939453125
1 0.0
2 0.0
1 0.015545845031738281
2 0.0
1 0.0
2 0.0157015323638916
1 0.0
2 0.0
1 0.0
2 0.0
1 0.0
2 0.018985748291015625
1 0.0
2 0.0
1 0.0
2 0.015620708465576172
1 0.0
2 0.0
1 0.0
2 0.0
1 0.0
2 0.0
1 0.0
2 0.015695571899414062
1 0.0
2 0.0
1 0.0
2 0.0
1 0.0
2 0.0
1 0.0
2 0.0
1 0.0
2 0.0
1 0.0
2 0.0
1 0.0
2 0.0
1 0.0
2 0.015617847442626953
1 0.0
2 0.01569199562072754
1 0.0
2 0.015621662139892578
1 0.0
2 0.015619516372680664
1 0.0
2 0.0
1 0.0
2 0.015631675720214844
1 0.0
2 0.01561427116394043
1 0.0
2 0.0
1 0.0
2 0.01563262939453125
1 0.0
2 0.0
1 0.0
2 0.0
1 0.0009961128234863281
2 0.007032155990600586
1 0.0
2 0.006998538970947266
1 0.0
2 0.0157012939453125
1 0.0
2 0.0
1 0.0
2 0.0
1 0.0
2 0.0
1 0.0
2 0.0
1 0.0
2 0.0
1 0.0
2 0.003000020980834961
1 0.0
2 0.0030050277709960938
1 0.0
2 0.0
1 0.0
2 0.0
1 0.0
2 0.015623807907104492
1 0.0
2 0.015623807907104492
1 0.0
2 0.01562190055847168
1 0.0
2 0.0
1 0.0
2 0.015622854232788086
1 0.0
2 0.0
1 0.015614032745361328
2 0.0
1 0.0
2 0.015623331069946289
1 0.0
2 0.0
1 0.0
2 0.0
1 0.0
2 0.0
1 0.0
2 0.0
1 0.0
2 0.0
1 0.0
2 0.015619993209838867
1 0.0
2 0.0
1 0.01562356948852539
2 0.0
1 0.0
2 0.0
1 0.0
2 0.0
1 0.0
2 0.0
1 0.0
2 0.0
1 0.0
2 0.015632152557373047
1 0.0
2 0.0
1 0.0
2 0.0
1 0.0
2 0.015623331069946289
1 0.0
2 0.0
1 0.0
2 0.0
1 0.0
2 0.0
1 0.0
2 0.0
1 0.0
2 0.0
1 0.0
2 0.0
1 0.0
2 0.0
1 0.0
2 0.0
1 0.0
2 0.0
1 0.015624046325683594
2 0.0
1 0.0
2 0.0
1 0.0
2 0.0
1 0.0
2 0.0
1 0.0
2 0.0
1 0.0
2 0.007999420166015625
1 0.0009999275207519531
2 0.006999969482421875
1 0.0009980201721191406
2 0.007000446319580078
1 0.0
2 0.007002353668212891
1 0.0009999275207519531
2 0.009000301361083984
1 0.0
2 0.00699925422668457
1 0.0009999275207519531
2 0.0069997310638427734
1 0.0
2 0.00800013542175293
1 0.0
2 0.007000446319580078
1 0.0
2 0.0069997310638427734
1 0.0010001659393310547
2 0.002999544143676758
1 0.0010004043579101562
2 0.0029997825622558594
1 0.0
2 0.003000497817993164
1 0.0
2 0.002999544143676758
1 0.0
2 0.0029993057250976562
1 0.0010030269622802734
2 0.001997709274291992
1 0.0
2 0.0
1 0.0
2 0.015622377395629883
1 0.0
2 0.0
1 0.0
2 0.0
1 0.0
2 0.008001089096069336
1 0.0
2 0.007990837097167969
1 0.0
2 0.0069997310638427734
1 0.0
2 0.006999969482421875
1 0.0
2 0.01564192771911621
1 0.0
2 0.01560521125793457
1 0.0
2 0.007051229476928711
1 0.0010402202606201172
2 0.006930351257324219
1 0.0
2 0.007999181747436523
1 0.0010173320770263672
2 0.008988142013549805
1 0.0
2 0.0030031204223632812
1 0.001009225845336914
2 0.0019507408142089844
1 0.0010001659393310547
2 0.0019998550415039062
1 0.0
2 0.003004789352416992
1 0.00099945068359375
2 0.003000020980834961
1 0.0010001659393310547
2 0.002004861831665039
1 0.0010039806365966797
2 0.002000570297241211
1 0.0
2 0.0030069351196289062
1 0.0
2 0.0030202865600585938
1 0.0
2 0.0020089149475097656
1 0.0010085105895996094
2 0.006991863250732422
1 0.0
2 0.007998943328857422
1 0.0
2 0.007999897003173828
1 0.0009999275207519531
2 0.008000850677490234
1 0.0
2 0.007999897003173828
1 0.0010001659393310547
2 0.007998943328857422
1 0.0009999275207519531
2 0.006999969482421875
1 0.0
2 0.007999420166015625
1 0.0009996891021728516
2 0.006999969482421875
1 0.0
2 0.006999492645263672
1 0.0009992122650146484
2 0.00800013542175293
1 0.0009999275207519531
2 0.008000850677490234
1 0.0009999275207519531
2 0.0019996166229248047
1 0.0009999275207519531
2 0.002999544143676758
1 0.0
2 0.0
1 0.0
2 0.0
1 0.0
2 0.0
1 0.0
2 0.015623331069946289
1 0.0
2 0.0
1 0.0
2 0.0
1 0.0010018348693847656
2 0.005997896194458008
1 0.0010004043579101562
2 0.00699925422668457
1 0.0
2 0.008000612258911133
1 0.0
2 0.0069997310638427734
1 0.0
2 0.006999015808105469
1 0.0
2 0.007032871246337891
1 0.0
2 0.006999969482421875
1 0.0
2 0.006000041961669922
1 0.0
2 0.0
1 0.0
2 0.0
1 0.015625953674316406
2 0.0
1 0.0
2 0.0
1 0.0
2 0.0
1 0.0
2 0.01563429832458496
1 0.0
2 0.0
1 0.0
2 0.0
1 0.0
2 0.0
1 0.0
2 0.0
1 0.0
2 0.0
1 0.0
2 0.0
1 0.0010097026824951172
2 0.006990194320678711
1 0.0
2 0.007000446319580078
1 0.0
2 0.0069997310638427734
1 0.0009999275207519531
2 0.0070018768310546875
1 0.0
2 0.0069997310638427734
1 0.0009999275207519531
2 0.006999969482421875
1 0.0
2 0.0069997310638427734
1 0.0
2 0.006001710891723633
1 0.0
2 0.008095264434814453
1 0.0009992122650146484
2 0.00793910026550293
1 0.0
2 0.009034156799316406
1 0.0009999275207519531
2 0.009034156799316406
1 0.0
2 0.0030002593994140625
1 0.0
2 0.003000020980834961
1 0.0009984970092773438
2 0.0020084381103515625
1 0.0010099411010742188
2 0.0019969940185546875
1 0.0010020732879638672
2 0.003000497817993164
1 0.0009999275207519531
2 0.002000093460083008
1 0.0
2 0.0
1 0.0
2 0.01562356948852539
1 0.0
2 0.0
1 0.0
2 0.015631675720214844
1 0.0
2 0.0
1 0.0
2 0.0
1 0.0
2 0.01563239097595215
1 0.0
2 0.0
1 0.0
2 0.015622854232788086
1 0.0
2 0.0
1 0.0
2 0.015549182891845703
1 0.0
2 0.0
1 0.0
2 0.0
1 0.0
2 0.0
1 0.0010006427764892578
2 0.0020062923431396484
1 0.00099945068359375
2 0.0020084381103515625
1 0.0
2 0.0030014514923095703
1 0.0
2 0.003001689910888672
1 0.0010004043579101562
2 0.0029997825622558594
1 0.0010004043579101562
2 0.0029997825622558594
1 0.00099945068359375
2 0.003000020980834961
1 0.0009999275207519531
2 0.003000020980834961
1 0.0
2 0.007999897003173828
1 0.0010006427764892578
2 0.006998777389526367
1 0.0009999275207519531
2 0.006999969482421875
1 0.0
2 0.006999969482421875
1 0.0
2 0.015622615814208984
1 0.0
2 0.0
1 0.015622854232788086
2 0.0
1 0.0
2 0.015622854232788086
1 0.0
2 0.015623092651367188
1 0.0
2 0.0
1 0.0010766983032226562
2 0.007991313934326172
1 0.0009996891021728516
2 0.0030002593994140625
1 0.0009992122650146484
2 0.0020008087158203125
1 0.0010120868682861328
2 0.002987384796142578
1 0.0010001659393310547
2 0.002004861831665039
1 0.00099945068359375
2 0.0020041465759277344
1 0.0010001659393310547
2 0.0029997825622558594
1 0.0
2 0.0030002593994140625
1 0.0009999275207519531
2 0.0020003318786621094
1 0.0
2 0.0029997825622558594
1 0.0010006427764892578
2 0.008999109268188477
1 0.0
2 0.009000539779663086
1 0.0
2 0.006999969482421875
1 0.0009999275207519531
2 0.006999969482421875
1 0.0010001659393310547
2 0.007999658584594727
1 0.0
2 0.0070002079010009766
1 0.0010008811950683594
2 0.00899958610534668
1 0.0
2 0.007000446319580078
1 0.0009999275207519531
2 0.007999897003173828
1 0.0
2 0.007999897003173828
1 0.0
2 0.005999565124511719
1 0.0
2 0.0060002803802490234
1 0.0010051727294921875
2 0.0030019283294677734
1 0.0
2 0.003038644790649414
1 0.0009996891021728516
2 0.002001047134399414
1 0.0
2 0.0029993057250976562
1 0.0010001659393310547
2 0.0019998550415039062
1 0.0
2 0.003000497817993164
1 0.0009999275207519531
2 0.003000020980834961
1 0.0010001659393310547
2 0.0019989013671875
1 0.0009999275207519531
2 0.010000228881835938
1 0.0
2 0.007999897003173828
1 0.0
2 0.0069997310638427734
1 0.0010001659393310547
2 0.006999492645263672
1 0.0010004043579101562
2 0.007999897003173828
1 0.0009996891021728516
2 0.008000612258911133
1 0.0010004043579101562
2 0.00899958610534668
1 0.0010001659393310547
2 0.0069997310638427734
1 0.0010004043579101562
2 0.006999969482421875
1 0.0
2 0.007000446319580078
1 0.0
2 0.0
1 0.0
2 0.0
1 0.0
2 0.0
1 0.0
2 0.0
1 0.0
2 0.0
1 0.0
2 0.0
1 0.0
2 0.0
1 0.0
2 0.0
1 0.0
2 0.0
1 0.0
2 0.0
1 0.0
2 0.0
1 0.0
2 0.015624523162841797
1 0.0
2 0.0
1 0.0
2 0.0
1 0.0
2 0.015591859817504883
1 0.0
2 0.015548467636108398
1 0.0
2 0.0
1 0.0
2 0.0
1 0.0
2 0.015614032745361328
1 0.0
2 0.015623807907104492
1 0.0010001659393310547
2 0.0070002079010009766
1 0.0009996891021728516
2 0.0069997310638427734
1 0.0009913444519042969
2 0.0030078887939453125
1 0.0009996891021728516
2 0.003992557525634766
1 0.0010001659393310547
2 0.002999544143676758
1 0.0
2 0.0030040740966796875
1 0.0009996891021728516
2 0.0020084381103515625
1 0.0
2 0.0030024051666259766
1 0.0010194778442382812
2 0.0020194053649902344
1 0.000993490219116211
2 0.002005338668823242
1 0.0010004043579101562
2 0.0069997310638427734
1 0.0009999275207519531
2 0.0069997310638427734
1 0.0009953975677490234
2 0.007046937942504883
1 0.0
2 0.00800013542175293
1 0.0010004043579101562
2 0.006999969482421875
1 0.0
2 0.0070002079010009766
1 0.0
2 0.006999969482421875
1 0.0009999275207519531
2 0.005999565124511719
1 0.0
2 0.00800013542175293
1 0.0
2 0.006999969482421875
1 0.0
2 0.00700068473815918
1 0.00099945068359375
2 0.006000995635986328
1 0.0
2 0.003005504608154297
1 0.0009999275207519531
2 0.0020079612731933594
1 0.0
2 0.003004789352416992
1 0.0010001659393310547
2 0.002999544143676758
1 0.0009992122650146484
2 0.002008199691772461
1 0.0010001659393310547
2 0.002003908157348633
1 0.0010001659393310547
2 0.0029997825622558594
1 0.0010004043579101562
2 0.002999544143676758
1 0.0
2 0.015625
1 0.0
2 0.0
1 0.0010001659393310547
2 0.0069997310638427734
1 0.000997781753540039
2 0.006999492645263672
1 0.0
2 0.006999492645263672
1 0.0010004043579101562
2 0.006999969482421875
1 0.0009996891021728516
2 0.006000518798828125
1 0.0010001659393310547
2 0.006000041961669922
1 0.0009999275207519531
2 0.0069997310638427734
1 0.0
2 0.007999897003173828
1 0.0010035037994384766
2 0.008005142211914062
1 0.0
2 0.00500798225402832
1 0.0
2 0.0030069351196289062
1 0.0009996891021728516
2 0.0020093917846679688
1 0.0009589195251464844
2 0.002048969268798828
1 0.0009202957153320312
2 0.0020911693572998047
1 0.0010001659393310547
2 0.002004861831665039
1 0.0010004043579101562
2 0.0019996166229248047
1 0.0
2 0.00299835205078125
1 0.0009989738464355469
2 0.0019927024841308594
1 0.001003265380859375
2 0.00799703598022461
1 0.0009827613830566406
2 0.008074283599853516
1 0.0009996891021728516
2 0.00700068473815918
1 0.0
2 0.007000446319580078
1 0.0
2 0.0069997310638427734
1 0.0
2 0.008000612258911133
1 0.0
2 0.0069997310638427734
1 0.0009996891021728516
2 0.007999897003173828
1 0.0
2 0.007999897003173828
1 0.0
2 0.006999969482421875
1 0.0
2 0.0
1 0.0
2 0.01563429832458496
1 0.0
2 0.0
1 0.0
2 0.015623807907104492
1 0.0
2 0.0
1 0.0
2 0.0
1 0.0
2 0.0
1 0.0
2 0.0
1 0.0
2 0.0
1 0.0
2 0.0
1 0.0
2 0.015622615814208984
1 0.0
2 0.015623331069946289
1 0.0
2 0.015624046325683594
1 0.0
2 0.0
1 0.0
2 0.0
1 0.0
2 0.01562356948852539
1 0.0
2 0.0
1 0.0
2 0.0
1 0.0
2 0.01563286781311035
1 0.0
2 0.0
1 0.0
2 0.0
1 0.0
2 0.0
1 0.0
2 0.0
1 0.0
2 0.0
1 0.015623807907104492
2 0.0
1 0.0
2 0.01562356948852539
1 0.0
2 0.0
1 0.0
2 0.01562356948852539
1 0.0
2 0.0
1 0.0
2 0.0
1 0.0010004043579101562
2 0.0069997310638427734
1 0.0
2 0.007999897003173828
1 0.0010075569152832031
2 0.0069925785064697266
1 0.0
2 0.006999969482421875
1 0.0
2 0.006999492645263672
1 0.0
2 0.00700068473815918
1 0.0010001659393310547
2 0.006000041961669922
1 0.0
2 0.006999969482421875
1 0.0
2 0.0070002079010009766
1 0.0
2 0.006999969482421875
1 0.0
2 0.0
1 0.0
2 0.0
1 0.0
2 0.0
1 0.0
2 0.01562643051147461
1 0.0
2 0.0
1 0.0
2 0.0
1 0.0
2 0.0
1 0.0
2 0.0
1 0.0
2 0.0
1 0.0
2 0.015624046325683594
1 0.0
2 0.015622854232788086
1 0.0
2 0.01562356948852539
1 0.0
2 0.0
1 0.0
2 0.015614748001098633
1 0.0
2 0.0
1 0.0
2 0.0
1 0.0
2 0.01300668716430664
1 0.0
2 0.0
1 0.0
2 0.0
1 0.0
2 0.0
1 0.0
2 0.0
1 0.0
2 0.0
1 0.0
2 0.0
1 0.0
2 0.0
1 0.0
2 0.0
1 0.0
2 0.015623331069946289
1 0.0
2 0.0
1 0.0
2 0.0
1 0.0
2 0.0
1 0.0
2 0.0
1 0.0
2 0.015612602233886719
1 0.0
2 0.015633106231689453
1 0.0
2 0.0
1 0.0
2 0.015611410140991211
1 0.0
2 0.015623807907104492
1 0.0
2 0.0
1 0.0
2 0.015631675720214844
1 0.0
2 0.0
1 0.0
2 0.0
1 0.0
2 0.0
1 0.0
2 0.015622615814208984
1 0.0
2 0.0
1 0.0
2 0.0
1 0.0
2 0.0
1 0.0
2 0.0
1 0.0
2 0.015624046325683594
1 0.0
2 0.0
1 0.0
2 0.0
1 0.0
2 0.0
1 0.0
2 0.0
1 0.0
2 0.0
1 0.0
2 0.0
1 0.0
2 0.0
1 0.0
2 0.0
1 0.0
2 0.015623331069946289
1 0.0
2 0.015623807907104492
1 0.0
2 0.0
1 0.0
2 0.01561427116394043
1 0.0
2 0.01562356948852539
1 0.0
2 0.015623092651367188
1 0.0
2 0.0
1 0.0
2 0.015623092651367188
1 0.0
2 0.01562356948852539
1 0.0
2 0.0
1 0.0
2 0.0
1 0.0
2 0.0
1 0.0
2 0.0
1 0.0
2 0.0
1 0.0
2 0.0
1 0.0
2 0.0
1 0.0
2 0.0
1 0.0
2 0.015624046325683594
1 0.0
2 0.0
1 0.0
2 0.015623331069946289
1 0.0
2 0.0
1 0.0
2 0.0
1 0.0
2 0.0
1 0.0
2 0.0
1 0.0
2 0.015613317489624023
1 0.0
2 0.0
1 0.0
2 0.015632152557373047
1 0.0
2 0.0
1 0.0009996891021728516
2 0.0010547637939453125
1 0.0
2 0.0
1 0.0
2 0.015643835067749023
1 0.0
2 0.0
1 0.0
2 0.0
1 0.0
2 0.0
1 0.015623092651367188
2 0.0
1 0.0
2 0.0
1 0.0
2 0.01563286781311035
1 0.0
2 0.0
1 0.0
2 0.015622854232788086
1 0.0
2 0.0
1 0.0
2 0.015623331069946289
1 0.0
2 0.0
1 0.0
2 0.01563262939453125
1 0.0
2 0.0
1 0.0
2 0.0
1 0.0
2 0.01563262939453125
1 0.0
2 0.0
1 0.0
2 0.0
1 0.0
2 0.0
1 0.0
2 0.0
1 0.0
2 0.0
1 0.0
2 0.015635967254638672
1 0.0
2 0.0
1 0.0
2 0.0
1 0.0
2 0.0
1 0.0
2 0.0
1 0.0
2 0.01562356948852539
1 0.0
2 0.0
1 0.015622854232788086
2 0.0
1 0.0
2 0.015623331069946289
1 0.0
2 0.0
1 0.0
2 0.0
1 0.015623807907104492
2 0.0
1 0.0
2 0.015623807907104492
1 0.0
2 0.0
1 0.0
2 0.015622377395629883
1 0.0
2 0.0
1 0.0
2 0.0
1 0.0
2 0.0
1 0.0
2 0.0
1 0.0
2 0.015622854232788086
1 0.0
2 0.0
1 0.0
2 0.0
1 0.0
2 0.0
1 0.0
2 0.0
1 0.0
2 0.0
1 0.0
2 0.0
1 0.0
2 0.0
1 0.0
2 0.0
1 0.0
2 0.0
1 0.0
2 0.0
1 0.0
2 0.015633344650268555
1 0.0
2 0.0
1 0.0
2 0.01564168930053711
1 0.0
2 0.015623331069946289
1 0.0
2 0.0
1 0.0
2 0.01563286781311035
1 0.0
2 0.0
1 0.0
2 0.0
1 0.0
2 0.0
1 0.0
2 0.0
1 0.0
2 0.0
1 0.0
2 0.0
1 0.0
2 0.0
1 0.0
2 0.0
1 0.0
2 0.0
1 0.0
2 0.01563429832458496
1 0.0
2 0.0
1 0.0
2 0.015613079071044922
1 0.0
2 0.01562356948852539
1 0.0
2 0.015547513961791992
1 0.0
2 0.0
1 0.0
2 0.0
1 0.0
2 0.0
1 0.0
2 0.015633583068847656
1 0.0
2 0.015612602233886719
1 0.0
2 0.0
1 0.0
2 0.0
1 0.0
2 0.0
1 0.0
2 0.0
1 0.0
2 0.0
1 0.0
2 0.0
1 0.0
2 0.015633583068847656
1 0.0
2 0.0
1 0.0
2 0.0
1 0.0
2 0.015632152557373047
1 0.0
2 0.015624761581420898
1 0.0
2 0.0
1 0.0
2 0.015652179718017578
1 0.0
2 0.015613079071044922
1 0.0
2 0.0
1 0.0
2 0.015624046325683594
1 0.0
2 0.0
1 0.0
2 0.015610694885253906
1 0.0
2 0.015611648559570312
1 0.0
2 0.0
1 0.0
2 0.015633106231689453
1 0.0
2 0.0
1 0.0
2 0.0
1 0.0
2 0.0
1 0.0
2 0.0
1 0.0
2 0.015660762786865234
1 0.0
2 0.0
1 0.0
2 0.015623331069946289
1 0.0
2 0.0
1 0.0
2 0.0
1 0.0
2 0.015614032745361328
1 0.0
2 0.015623331069946289
1 0.0
2 0.015624046325683594
1 0.0
2 0.015623092651367188
1 0.0
2 0.015630245208740234
1 0.0
2 0.0
1 0.01562356948852539
2 0.0
1 0.0
2 0.015623331069946289
1 0.0
2 0.0
1 0.0
2 0.015624523162841797
1 0.0
2 0.0
1 0.0
2 0.0
1 0.0
2 0.0
1 0.0
2 0.01563262939453125
1 0.0
2 0.0
1 0.0
2 0.0
1 0.0
2 0.0
1 0.0
2 0.01562356948852539
1 0.0
2 0.0
1 0.0
2 0.0
1 0.0
2 0.015624046325683594
1 0.0
2 0.0
1 0.0
2 0.015624046325683594
1 0.0
2 0.0
1 0.0
2 0.015613317489624023
1 0.0
2 0.0
1 0.0
2 0.015624046325683594
1 0.0
2 0.0
1 0.0
2 0.015633821487426758
1 0.0
2 0.0
1 0.0
2 0.0
1 0.0
2 0.0
1 0.0
2 0.0
1 0.0
2 0.0
1 0.0
2 0.0
1 0.0
2 0.0
1 0.0
2 0.0
1 0.015625953674316406
2 0.0
1 0.0
2 0.0
1 0.0
2 0.0
1 0.0
2 0.015558004379272461
1 0.0
2 0.015609025955200195
1 0.0
2 0.0
1 0.0
2 0.015624523162841797
1 0.0
2 0.0
1 0.0
2 0.0
1 0.0
2 0.0
1 0.0
2 0.015623331069946289
1 0.0
2 0.015623807907104492
1 0.0
2 0.0
1 0.0
2 0.0
1 0.0
2 0.0
1 0.001068115234375
2 0.0
1 0.0
2 0.0
1 0.0
2 0.0
1 0.015625953674316406
2 0.0
1 0.0
2 0.0
1 0.0
2 0.015624761581420898
1 0.0
2 0.0
1 0.0
2 0.0
1 0.0
2 0.015624284744262695
1 0.0
2 0.0
1 0.0
2 0.015623092651367188
1 0.0
2 0.0
1 0.0
2 0.015624761581420898
1 0.0
2 0.015622138977050781
1 0.0
2 0.015634775161743164
1 0.0
2 0.0
1 0.0
2 0.0
1 0.0
2 0.0156252384185791
1 0.0
2 0.0
1 0.0
2 0.0
1 0.0
2 0.015623092651367188
1 0.01562356948852539
2 0.0
1 0.0
2 0.0
1 0.0
2 0.0
1 0.0
2 0.0
1 0.0
2 0.0
1 0.0
2 0.0
1 0.0
2 0.0
1 0.0
2 0.0
1 0.0
2 0.01562356948852539
1 0.0
2 0.0
1 0.0
2 0.015623331069946289
1 0.0
2 0.0
1 0.0
2 0.01562356948852539
1 0.0
2 0.0
1 0.0
2 0.01563286781311035
1 0.0
2 0.0
1 0.0
2 0.015613555908203125
1 0.0
2 0.0
1 0.0
2 0.01562643051147461
1 0.01565265655517578
2 0.0
1 0.0
2 0.0
1 0.0
2 0.0
1 0.0
2 0.0
1 0.0
2 0.0
1 0.0
2 0.0
1 0.0
2 0.0
1 0.0
2 0.0
1 0.0
2 0.0
1 0.0
2 0.015530109405517578
1 0.0
2 0.015621662139892578
1 0.0
2 0.0156252384185791
1 0.0
2 0.0
1 0.0
2 0.015623807907104492
1 0.0
2 0.0
1 0.0
2 0.015624046325683594
1 0.0
2 0.0
1 0.0
2 0.015700578689575195
1 0.0
2 0.0
1 0.0
2 0.01563429832458496
1 0.0
2 0.0
1 0.015622854232788086
2 0.0
1 0.0
2 0.0
1 0.0
2 0.0
1 0.0
2 0.0
1 0.0
2 0.0
1 0.0
2 0.0
1 0.0
2 0.0
1 0.0
2 0.0
1 0.0
2 0.0
1 0.0
2 0.01563429832458496
1 0.0
2 0.015613555908203125
1 0.0
2 0.015613317489624023
1 0.0
2 0.015623807907104492
1 0.0
2 0.015614509582519531
1 0.0
2 0.015623331069946289
1 0.0
2 0.015615224838256836
1 0.0
2 0.0
1 0.0
2 0.0
1 0.0
2 0.015623807907104492
1 0.0
2 0.015624284744262695
1 0.015623331069946289
2 0.0
1 0.0
2 0.0
1 0.0
2 0.0
1 0.0
2 0.0
1 0.0
2 0.0
1 0.0
2 0.0
1 0.0
2 0.0
1 0.0
2 0.015622615814208984
1 0.0
2 0.0
1 0.0
2 0.015624046325683594
1 0.0
2 0.015623331069946289
1 0.0
2 0.0
1 0.0
2 0.0
1 0.0
2 0.01562356948852539
1 0.0
2 0.0
1 0.0
2 0.0
1 0.0
2 0.015624523162841797
1 0.0
2 0.0
1 0.0
2 0.0
1 0.0
2 0.015622854232788086
1 0.0
2 0.0
1 0.0
2 0.0
1 0.0
2 0.0
1 0.0
2 0.0
1 0.0
2 0.015623331069946289
1 0.0
2 0.0
1 0.0
2 0.0
1 0.0
2 0.0
1 0.0
2 0.015623807907104492
1 0.0
2 0.0
1 0.0
2 0.015563011169433594
1 0.0
2 0.0
1 0.0
2 0.0
1 0.0
2 0.0
1 0.0
2 0.0
1 0.0
2 0.015543937683105469
1 0.0
2 0.0
1 0.0
2 0.0
1 0.0
2 0.0
1 0.0
2 0.0
1 0.0
2 0.0
1 0.0
2 0.0
1 0.0
2 0.015632152557373047
1 0.0010848045349121094
2 0.0
1 0.0
2 0.0
1 0.0
2 0.0
1 0.0
2 0.0
1 0.0
2 0.0
1 0.0
2 0.0
1 0.0
2 0.0
1 0.0
2 0.0
1 0.0
2 0.015624284744262695
1 0.0
2 0.0
1 0.0
2 0.015611410140991211
1 0.0
2 0.0
1 0.0
2 0.0
1 0.0
2 0.015623807907104492
1 0.0
2 0.0
1 0.0
2 0.0
1 0.0
2 0.0
1 0.0
2 0.0
1 0.0
2 0.0
1 0.0
2 0.0
1 0.01562356948852539
2 0.0
1 0.0
2 0.0
1 0.0
2 0.0
1 0.0
2 0.0
1 0.0
2 0.015622615814208984
1 0.0
2 0.015624523162841797
1 0.0
2 0.0
1 0.0
2 0.015633106231689453
1 0.0
2 0.0
1 0.0
2 0.0
1 0.0
2 0.0
1 0.0
2 0.0
1 0.0
2 0.015633106231689453
1 0.0
2 0.0
1 0.0
2 0.015624046325683594
1 0.0
2 0.0
1 0.015630722045898438
2 0.0
1 0.0
2 0.015624284744262695
1 0.0
2 0.0
1 0.0
2 0.0
1 0.0
2 0.0
1 0.0
2 0.0
1 0.0
2 0.0
1 0.0
2 0.0
1 0.0
2 0.01562356948852539
1 0.0
2 0.0
1 0.015622377395629883
2 0.0
1 0.0
2 0.015624046325683594
1 0.0
2 0.0
1 0.0
2 0.0
1 0.0
2 0.0
1 0.0
2 0.0
1 0.0
2 0.015623331069946289
1 0.0
2 0.015623092651367188
1 0.0
2 0.01562356948852539
1 0.0
2 0.015622138977050781
1 0.0
2 0.0
1 0.0
2 0.0
1 0.0
2 0.0
1 0.015623807907104492
2 0.0
1 0.0
2 0.0
1 0.0
2 0.0
1 0.0
2 0.0
1 0.015624284744262695
2 0.0
1 0.0
2 0.015546560287475586
1 0.0
2 0.0
1 0.0
2 0.01562356948852539
1 0.0
2 0.0
1 0.0
2 0.015623092651367188
1 0.0
2 0.0
1 0.0
2 0.015632152557373047
1 0.0
2 0.015614509582519531
1 0.0
2 0.0
1 0.0
2 0.0
1 0.0
2 0.0
1 0.0
2 0.0
1 0.0
2 0.0
1 0.0
2 0.0
1 0.0
2 0.0
1 0.0
2 0.0
1 0.0
2 0.0
1 0.0
2 0.01563096046447754
1 0.0
2 0.0
1 0.0
2 0.0
1 0.0
2 0.0
1 0.0
2 0.0
1 0.0
2 0.0
1 0.0
2 0.0
1 0.0
2 0.015624046325683594
1 0.0
2 0.0
1 0.0
2 0.015623807907104492
1 0.0
2 0.0
1 0.0
2 0.01562356948852539
1 0.0
2 0.0
1 0.0
2 0.0
1 0.0
2 0.0
1 0.0
2 0.0
1 0.0
2 0.0
1 0.0
2 0.0
1 0.0
2 0.0
1 0.0
2 0.0
1 0.015623807907104492
2 0.0
1 0.0
2 0.015625476837158203
1 0.0
2 0.0
1 0.0
2 0.01562356948852539
1 0.0
2 0.0
1 0.0
2 0.015622854232788086
1 0.0
2 0.0
1 0.0
2 0.0
1 0.0
2 0.0
1 0.0
2 0.01562356948852539
1 0.0
2 0.0
1 0.0
2 0.015624046325683594
1 0.0
2 0.015623331069946289
1 0.005171537399291992
2 0.18045806884765625
1 0.0009989738464355469
2 0.00500035285949707
1 0.0009999275207519531
2 0.004000186920166016
1 0.0
2 0.004999637603759766
1 0.0009958744049072266
2 0.00399470329284668
1 0.0009672641754150391
2 0.004990816116333008
1 0.0009922981262207031
2 0.007000446319580078
1 0.0
2 0.007999420166015625
1 0.0010018348693847656
2 0.007000446319580078
1 0.0010046958923339844
2 0.007002592086791992
1 0.0009996891021728516
2 0.007999897003173828
1 0.0010004043579101562
2 0.006999969482421875
1 0.0
2 0.005999326705932617
1 0.0009987354278564453
2 0.004999637603759766
1 0.0
2 0.004999876022338867
1 0.0009999275207519531
2 0.004999876022338867
1 0.0010001659393310547
2 0.004999637603759766
1 0.0
2 0.005000114440917969
1 0.0009996891021728516
2 0.004999876022338867
1 0.0
2 0.004999637603759766
1 0.0010008811950683594
2 0.004999876022338867
1 0.0
2 0.004999637603759766
1 0.0010001659393310547
2 0.007999420166015625
1 0.0009996891021728516
2 0.006999969482421875
1 0.0010001659393310547
2 0.005000114440917969
1 0.0010004043579101562
2 0.004999876022338867
1 0.0
2 0.00599980354309082
1 0.0010001659393310547
2 0.004999876022338867
1 0.0
2 0.004999876022338867
1 0.0009996891021728516
2 0.00400090217590332
1 0.0
2 0.007999897003173828
1 0.0009999275207519531
2 0.007999658584594727
1 0.0010004043579101562
2 0.004999876022338867
1 0.0
2 0.004999876022338867
1 0.0
2 0.0049991607666015625
1 0.0
2 0.0049991607666015625
1 0.0
2 0.004999876022338867
1 0.0010001659393310547
2 0.004999876022338867
1 0.0
2 0.004999637603759766
1 0.0009999275207519531
2 0.005000114440917969
1 0.0053217411041259766
2 0.16754817962646484
1 0.0
2 0.0050008296966552734
1 0.0009996891021728516
2 0.007000446319580078
1 0.0010001659393310547
2 0.0070002079010009766
1 0.0
2 0.005000591278076172
1 0.0009999275207519531
2 0.004000186920166016
1 0.0010001659393310547
2 0.006999969482421875
1 0.0009992122650146484
2 0.006000518798828125
1 0.0010006427764892578
2 0.004999876022338867
1 0.0
2 0.004999876022338867
1 0.0010001659393310547
2 0.0039997100830078125
1 0.0
2 0.005000114440917969
1 0.0010004043579101562
2 0.007999897003173828
1 0.0010006427764892578
2 0.00699925422668457
1 0.0009999275207519531
2 0.004999637603759766
1 0.001001119613647461
2 0.003998517990112305
1 0.0
2 0.00500035285949707
1 0.0010006427764892578
2 0.005000114440917969
1 0.0
2 0.00500035285949707
1 0.0
2 0.004999876022338867
1 0.0009999275207519531
2 0.004000186920166016
1 0.0009999275207519531
2 0.003999948501586914
1 0.0009999275207519531
2 0.004000186920166016
1 0.0
2 0.00500035285949707
1 0.0009996891021728516
2 0.0070002079010009766
1 0.0010001659393310547
2 0.0069997310638427734
1 0.0
2 0.006000041961669922
1 0.0
2 0.004999876022338867
1 0.0009999275207519531
2 0.004999876022338867
1 0.0010001659393310547
2 0.007999658584594727
1 0.0010001659393310547
2 0.0070002079010009766
1 0.0010001659393310547
2 0.0069997310638427734
1 0.0010004043579101562
2 0.00500035285949707
1 0.0
2 0.004999876022338867
1 0.0
2 0.004999876022338867
1 0.0009999275207519531
2 0.004999637603759766
1 0.0010004043579101562
2 0.004999876022338867
1 0.0
2 0.005999565124511719
1 0.0
2 0.005001544952392578
1 0.00099945068359375
2 0.005000114440917969
1 0.0059926509857177734
2 0.17299985885620117
1 0.0
2 0.0050046443939208984
1 0.0009317398071289062
2 0.00399470329284668
1 0.0
2 0.0050089359283447266
1 0.0
2 0.005000114440917969
1 0.0
2 0.005000114440917969
1 0.0
2 0.00499272346496582
1 0.0
2 0.00500035285949707
1 0.0009996891021728516
2 0.004999399185180664
1 0.0009999275207519531
2 0.003999948501586914
1 0.0009996891021728516
2 0.004999876022338867
1 0.0
2 0.004999876022338867
1 0.0
2 0.005007743835449219
1 0.0010006427764892578
2 0.004992485046386719
1 0.0
2 0.0049970149993896484
1 0.001007080078125
2 0.004993438720703125
1 0.0
2 0.004999637603759766
1 0.0010001659393310547
2 0.004999637603759766
1 0.0009996891021728516
2 0.005000114440917969
1 0.0
2 0.004997730255126953
1 0.0
2 0.005000114440917969
1 0.0010006427764892578
2 0.003999948501586914
1 0.0
2 0.005000591278076172
1 0.0
2 0.004999399185180664
1 0.0009999275207519531
2 0.004999876022338867
1 0.0009999275207519531
2 0.004000425338745117
1 0.0
2 0.005000114440917969
1 0.00099945068359375
2 0.004000186920166016
1 0.0
2 0.004999876022338867
1 0.0010001659393310547
2 0.004000186920166016
1 0.00099945068359375
2 0.004999876022338867
1 0.0
2 0.005000114440917969
1 0.0
2 0.00500035285949707
1 0.0010004043579101562
2 0.003999948501586914
1 0.00099945068359375
2 0.005000114440917969
1 0.0
2 0.004999876022338867
1 0.0010001659393310547
2 0.005000114440917969
1 0.0009999275207519531
2 0.003999948501586914
1 0.0
2 0.004999399185180664
1 0.0
2 0.004999876022338867
1 0.004954814910888672
2 0.16364026069641113
1 0.0
2 0.004999399185180664
1 0.0009996891021728516
2 0.0070002079010009766
1 0.0009999275207519531
2 0.006000041961669922
1 0.0009999275207519531
2 0.007999897003173828
1 0.0
2 0.006999492645263672
1 0.0
2 0.005000114440917969
1 0.0
2 0.00500035285949707
1 0.0010001659393310547
2 0.0069997310638427734
1 0.0010001659393310547
2 0.006999969482421875
1 0.0010001659393310547
2 0.004000186920166016
1 0.0
2 0.005000114440917969
1 0.0009751319885253906
2 0.006994724273681641
1 0.0009250640869140625
2 0.0069942474365234375
1 0.0009975433349609375
2 0.007000446319580078
1 0.0009968280792236328
2 0.006999492645263672
1 0.0
2 0.008002519607543945
1 0.0010073184967041016
2 0.0070722103118896484
1 0.0
2 0.006999969482421875
1 0.0009999275207519531
2 0.006999969482421875
1 0.0010001659393310547
2 0.004000186920166016
1 0.0
2 0.004999876022338867
1 0.0009996891021728516
2 0.005000591278076172
1 0.0
2 0.005000114440917969
1 0.0
2 0.004999876022338867
1 0.0010004043579101562
2 0.005000114440917969
1 0.0
2 0.00599980354309082
1 0.0010006427764892578
2 0.004999399185180664
1 0.0
2 0.005000114440917969
1 0.0009999275207519531
2 0.003999948501586914
1 0.0009999275207519531
2 0.0070002079010009766
1 0.0
2 0.006999969482421875
1 0.0010004043579101562
2 0.004999876022338867
1 0.0
2 0.005000114440917969
1 0.0
2 0.004999876022338867
1 0.0
2 0.004999876022338867
1 0.0
2 0.0049991607666015625
1 0.0009996891021728516
2 0.004000186920166016
1 0.0
2 0.004999876022338867
1 0.0
2 0.004999637603759766
1 0.006009101867675781
2 0.17098641395568848
1 0.0
2 0.006000518798828125
1 0.0
2 0.004999876022338867
1 0.0010001659393310547
2 0.003999948501586914
1 0.0
2 0.005000114440917969
1 0.0009999275207519531
2 0.003999948501586914
1 0.0010006427764892578
2 0.0049991607666015625
1 0.0
2 0.004998922348022461
1 0.0
2 0.004999876022338867
1 0.0010004043579101562
2 0.004000186920166016
1 0.0010004043579101562
2 0.00500035285949707
1 0.0009996891021728516
2 0.005000114440917969
1 0.0
2 0.004999876022338867
1 0.0
2 0.005000114440917969
1 0.0010004043579101562
2 0.004999876022338867
1 0.0
2 0.004999637603759766
1 0.0
2 0.005000114440917969
1 0.0
2 0.004999876022338867
1 0.0
2 0.006000518798828125
1 0.0009999275207519531
2 0.004999876022338867
1 0.0
2 0.005000114440917969
1 0.0009999275207519531
2 0.005000114440917969
1 0.0
2 0.005000114440917969
1 0.0
2 0.004999876022338867
1 0.0010006427764892578
2 0.004999876022338867
1 0.0009999275207519531
2 0.004000186920166016
1 0.0010001659393310547
2 0.003999948501586914
1 0.0010001659393310547
2 0.004000425338745117
1 0.0
2 0.004999876022338867
1 0.0
2 0.004999876022338867
1 0.0
2 0.00500035285949707
1 0.0
2 0.004999876022338867
1 0.0
2 0.004999876022338867
1 0.0
2 0.005000114440917969
1 0.0
2 0.005000114440917969
1 0.0010001659393310547
2 0.004999637603759766
1 0.0010006427764892578
2 0.005000114440917969
1 0.0
2 0.005000114440917969
1 0.0
2 0.004999876022338867
1 0.0009999275207519531
2 0.004000186920166016
1 0.004999876022338867
2 0.18199992179870605
1 0.0009999275207519531
2 0.005005359649658203
1 0.0
2 0.006000518798828125
1 0.0010001659393310547
2 0.004999637603759766
1 0.0
2 0.004999637603759766
1 0.0
2 0.004999399185180664
1 0.0
2 0.00599980354309082
1 0.0009999275207519531
2 0.004999637603759766
1 0.0
2 0.004999399185180664
1 0.0
2 0.005000114440917969
1 0.0009999275207519531
2 0.004999876022338867
1 0.0
2 0.00500035285949707
1 0.0
2 0.00500035285949707
1 0.0009999275207519531
2 0.003999948501586914
1 0.0
2 0.005000114440917969
1 0.0009999275207519531
2 0.0039997100830078125
1 0.0
2 0.00500035285949707
1 0.00099945068359375
2 0.003999948501586914
1 0.0010001659393310547
2 0.003999948501586914
1 0.0
2 0.005000114440917969
1 0.0009999275207519531
2 0.0070002079010009766
1 0.0009996891021728516
2 0.006999969482421875
1 0.0
2 0.004999876022338867
1 0.0
2 0.005000114440917969
1 0.0010006427764892578
2 0.004999876022338867
1 0.0
2 0.004999876022338867
1 0.0009999275207519531
2 0.003999948501586914
1 0.0
2 0.004999637603759766
1 0.0010004043579101562
2 0.004000186920166016
1 0.0
2 0.004999876022338867
1 0.0
2 0.005000114440917969
1 0.0009999275207519531
2 0.004000186920166016
1 0.0
2 0.00500035285949707
1 0.0
2 0.004999637603759766
1 0.0009984970092773438
2 0.004999876022338867
1 0.0
2 0.0050008296966552734
1 0.0
2 0.005000114440917969
1 0.0010001659393310547
2 0.0039997100830078125
1 0.0
2 0.0050008296966552734
1 0.0
2 0.004999637603759766
1 0.006007671356201172
2 0.1809999942779541
1 0.0
2 0.005011320114135742
1 0.0
2 0.005000114440917969
1 0.0
2 0.00500035285949707
1 0.0
2 0.004992485046386719
1 0.0
2 0.004999876022338867
1 0.0
2 0.005000114440917969
1 0.0
2 0.004999637603759766
1 0.0
2 0.004998683929443359
1 0.0
2 0.00500035285949707
1 0.0009999275207519531
2 0.00500035285949707
1 0.0
2 0.004999637603759766
1 0.0009999275207519531
2 0.004999876022338867
1 0.0009996891021728516
2 0.006000518798828125
1 0.0009996891021728516
2 0.003999948501586914
1 0.0
2 0.00500035285949707
1 0.0009999275207519531
2 0.004999876022338867
1 0.0010001659393310547
2 0.004999876022338867
1 0.0
2 0.004999876022338867
1 0.0010001659393310547
2 0.0039997100830078125
1 0.0
2 0.004999876022338867
1 0.0
2 0.004999399185180664
1 0.0009996891021728516
2 0.00500035285949707
1 0.0
2 0.004999876022338867
1 0.001001119613647461
2 0.004999876022338867
1 0.0
2 0.004999399185180664
1 0.0
2 0.006000518798828125
1 0.0009999275207519531
2 0.005000114440917969
1 0.0010001659393310547
2 0.007000446319580078
1 0.0
2 0.00800013542175293
1 0.0010001659393310547
2 0.004999876022338867
1 0.0
2 0.004999876022338867
1 0.00099945068359375
2 0.0039997100830078125
1 0.0009996891021728516
2 0.004000186920166016
1 0.0010001659393310547
2 0.004999876022338867
1 0.0009999275207519531
2 0.004999876022338867
1 0.0
2 0.005999326705932617
1 0.0
2 0.005999088287353516
1 0.0
2 0.00500035285949707
1 0.0009999275207519531
2 0.004999876022338867
1 0.002999544143676758
2 0.16475582122802734
1 0.0010001659393310547
2 0.0020067691802978516
1 0.0
2 0.002000093460083008
1 0.0
2 0.0019998550415039062
1 0.0
2 0.0009999275207519531
1 0.0009999275207519531
2 0.0009996891021728516
1 0.0009999275207519531
2 0.0009992122650146484
1 0.0009999275207519531
2 0.0009996891021728516
1 0.0009999275207519531
2 0.0013189315795898438
1 0.0009996891021728516
2 0.002000093460083008
