1 0.0009999275207519531
2 0.032999515533447266
1 0.0
2 0.008999824523925781
1 0.0009992122650146484
2 0.009999990463256836
1 0.0
2 0.007999420166015625
1 0.001003265380859375
2 0.011000633239746094
1 0.0009775161743164062
2 0.007999897003173828
1 0.0
2 0.010000228881835938
1 0.0009999275207519531
2 0.008000373840332031
1 0.0009996891021728516
2 0.009000062942504883
1 0.0
2 0.007999420166015625
1 0.0
2 0.009991884231567383
1 0.00099945068359375
2 0.007000446319580078
1 0.0
2 0.010010719299316406
1 0.0
2 0.008000373840332031
1 0.0010004043579101562
2 0.007999658584594727
1 0.0009999275207519531
2 0.008000373840332031
1 0.001007080078125
2 0.008970499038696289
1 0.0010182857513427734
2 0.007988452911376953
1 0.0
2 0.008999109268188477
1 0.0
2 0.008000850677490234
1 0.0010006427764892578
2 0.00899958610534668
1 0.0
2 0.008000373840332031
1 0.0009999275207519531
2 0.009000062942504883
1 0.00099945068359375
2 0.0060024261474609375
1 0.0
2 0.010000228881835938
1 0.0
2 0.0070002079010009766
1 0.0010001659393310547
2 0.008912801742553711
1 0.0
2 0.007999897003173828
1 0.0010006427764892578
2 0.009000062942504883
1 0.0
2 0.0070002079010009766
1 0.0010004043579101562
2 0.008999824523925781
1 0.0009999275207519531
2 0.006999969482421875
1 0.0010886192321777344
2 0.007988452911376953
1 0.0
2 0.00795745849609375
1 0.0
2 0.00900125503540039
1 0.0
2 0.006982088088989258
1 0.0
2 0.009999275207519531
1 0.0009992122650146484
2 0.00700068473815918
1 0.0
2 0.008999824523925781
1 0.0
2 0.00800013542175293
1 0.004625082015991211
2 0.16554713249206543
1 0.0010001659393310547
2 0.00800013542175293
1 0.006000041961669922
2 0.17449593544006348
1 0.0009989738464355469
2 0.00699925422668457
1 0.0010068416595458984
2 0.007002115249633789
1 0.0010197162628173828
2 0.006994962692260742
1 0.00099945068359375
2 0.004999876022338867
1 0.0009996891021728516
2 0.005000114440917969
1 0.0
2 0.007999897003173828
1 0.0009996891021728516
2 0.006999969482421875
1 0.0009999275207519531
2 0.0070002079010009766
1 0.0009999275207519531
2 0.006999969482421875
1 0.0010001659393310547
2 0.006999969482421875
1 0.0009908676147460938
2 0.006999969482421875
1 0.0010006427764892578
2 0.00792551040649414
1 0.0010323524475097656
2 0.00700831413269043
1 0.0009644031524658203
2 0.005013227462768555
1 0.0
2 0.004929304122924805
1 0.0
2 0.00499272346496582
1 0.0
2 0.005001068115234375
1 0.0010046958923339844
2 0.004994869232177734
1 0.0
2 0.006000041961669922
1 0.0009996891021728516
2 0.006999969482421875
1 0.0010001659393310547
2 0.0069997310638427734
1 0.0010187625885009766
2 0.006997346878051758
1 0.0009853839874267578
2 0.007050514221191406
1 0.0
2 0.006006717681884766
1 0.0009999275207519531
2 0.00500035285949707
1 0.0
2 0.005000114440917969
1 0.0010030269622802734
2 0.004996538162231445
1 0.0
2 0.005998849868774414
1 0.0010004043579101562
2 0.0050013065338134766
1 0.0009982585906982422
2 0.005002498626708984
1 0.001001119613647461
2 0.00495600700378418
1 0.0010035037994384766
2 0.004954338073730469
1 0.0
2 0.004961729049682617
1 0.0009996891021728516
2 0.005010366439819336
1 0.0
2 0.004999876022338867
1 0.0
2 0.005000114440917969
1 0.0009996891021728516
2 0.003999948501586914
1 0.0010001659393310547
2 0.005000114440917969
1 0.0
2 0.004999876022338867
1 0.0010006427764892578
2 0.02599930763244629
1 0.0010001659393310547
2 0.008000373840332031
1 0.0010001659393310547
2 0.004999876022338867
1 0.0010001659393310547
2 0.004999637603759766
1 0.0010001659393310547
2 0.0069997310638427734
1 0.0009999275207519531
2 0.0070002079010009766
1 0.0
2 0.006999492645263672
1 0.0009999275207519531
2 0.0069997310638427734
1 0.0010001659393310547
2 0.006999969482421875
1 0.0
2 0.006999969482421875
1 0.001010894775390625
2 0.004988908767700195
1 0.0010020732879638672
2 0.006930112838745117
1 0.0009503364562988281
2 0.004973173141479492
1 0.0010006427764892578
2 0.008007049560546875
1 0.0
2 0.004999637603759766
1 0.0009999275207519531
2 0.007000446319580078
1 0.0009937286376953125
2 0.008006811141967773
1 0.0009915828704833984
2 0.0070002079010009766
1 0.0
2 0.006006479263305664
1 0.0
2 0.004999637603759766
1 0.0010006427764892578
2 0.004999876022338867
1 0.0010008811950683594
2 0.0049991607666015625
1 0.0
2 0.007988929748535156
1 0.0
2 0.005999565124511719
1 0.0010068416595458984
2 0.005000114440917969
1 0.0009927749633789062
2 0.0069272518157958984
1 0.0009999275207519531
2 0.005000114440917969
1 0.000997781753540039
2 0.004999876022338867
1 0.00099945068359375
2 0.005000591278076172
1 0.0009989738464355469
2 0.004000186920166016
1 0.0
2 0.005991935729980469
1 0.0009145736694335938
2 0.004999876022338867
1 0.0
2 0.00500035285949707
1 0.0010001659393310547
2 0.005000114440917969
1 0.0010001659393310547
2 0.004999399185180664
1 0.0
2 0.006000995635986328
1 0.0009999275207519531
2 0.00500035285949707
1 0.0009999275207519531
2 0.005000114440917969
1 0.0009999275207519531
2 0.005000591278076172
1 0.0009999275207519531
2 0.005000114440917969
1 0.004998207092285156
2 0.168870210647583
1 0.0009996891021728516
2 0.004999637603759766
1 0.0010001659393310547
2 0.004999876022338867
1 0.0009996891021728516
2 0.004999876022338867
1 0.0
2 0.004999876022338867
1 0.0
2 0.004999637603759766
1 0.0010001659393310547
2 0.007999658584594727
1 0.00099945068359375
2 0.006999969482421875
1 0.0
2 0.0060002803802490234
1 0.0010001659393310547
2 0.004992961883544922
1 0.0
2 0.004999637603759766
1 0.0010001659393310547
2 0.004999637603759766
1 0.0
2 0.004999876022338867
1 0.0
2 0.004999876022338867
1 0.0009999275207519531
2 0.008000373840332031
1 0.0010001659393310547
2 0.008000373840332031
1 0.0
2 0.0060002803802490234
1 0.0
2 0.004999876022338867
1 0.0010008811950683594
2 0.004999399185180664
1 0.0
2 0.004999637603759766
1 0.001068115234375
2 0.004928112030029297
1 0.0009992122650146484
2 0.00499272346496582
1 0.0010001659393310547
2 0.004999637603759766
1 0.0009999275207519531
2 0.004999876022338867
1 0.0
2 0.004999876022338867
1 0.0009992122650146484
2 0.005003929138183594
1 0.0010004043579101562
2 0.00699925422668457
1 0.0009999275207519531
2 0.0070002079010009766
1 0.0010080337524414062
2 0.006956577301025391
1 0.0
2 0.007000446319580078
1 0.0009903907775878906
2 0.005000591278076172
1 0.0009958744049072266
2 0.004999637603759766
1 0.0010001659393310547
2 0.0070002079010009766
1 0.0009999275207519531
2 0.005000591278076172
1 0.0
2 0.004999876022338867
1 0.0
2 0.004999637603759766
1 0.0009999275207519531
2 0.004999876022338867
1 0.0009996891021728516
2 0.005000114440917969
1 0.0009999275207519531
2 0.006999969482421875
1 0.0009999275207519531
2 0.006999969482421875
1 0.005000591278076172
2 0.15991687774658203
1 0.0
2 0.00500035285949707
1 0.0
2 0.005999565124511719
1 0.0010001659393310547
2 0.0049991607666015625
1 0.0010006427764892578
2 0.0049991607666015625
1 0.0
2 0.0060002803802490234
1 0.0
2 0.00599980354309082
1 0.0010001659393310547
2 0.004999876022338867
1 0.0
2 0.006007194519042969
1 0.00099945068359375
2 0.00499272346496582
1 0.0010004043579101562
2 0.004999399185180664
1 0.0
2 0.004999876022338867
1 0.0010004043579101562
2 0.005000114440917969
1 0.0009999275207519531
2 0.004999876022338867
1 0.0010006427764892578
2 0.004999399185180664
1 0.0010006427764892578
2 0.004999399185180664
1 0.0
2 0.0049991607666015625
1 0.0
2 0.004999637603759766
1 0.0009999275207519531
2 0.0070002079010009766
1 0.0010001659393310547
2 0.006999969482421875
1 0.0009999275207519531
2 0.0070002079010009766
1 0.0
2 0.0069997310638427734
1 0.0
2 0.005000114440917969
1 0.0
2 0.004999637603759766
1 0.0
2 0.007999181747436523
1 0.0010004043579101562
2 0.004000425338745117
1 0.0010001659393310547
2 0.005000114440917969
1 0.0
2 0.004999637603759766
1 0.0
2 0.005000114440917969
1 0.0
2 0.004999399185180664
1 0.0
2 0.0049991607666015625
1 0.0
2 0.005000114440917969
1 0.0010001659393310547
2 0.0070002079010009766
1 0.0009999275207519531
2 0.006999969482421875
1 0.0
2 0.0069997310638427734
1 0.0
2 0.0069997310638427734
1 0.0010006427764892578
2 0.005000114440917969
1 0.0010001659393310547
2 0.004999876022338867
1 0.0
2 0.004999876022338867
1 0.0
2 0.004999637603759766
1 0.005132198333740234
2 0.1628258228302002
1 0.0
2 0.004999876022338867
1 0.0
2 0.006001472473144531
1 0.0009942054748535156
2 0.004935741424560547
1 0.0009853839874267578
2 0.005005836486816406
1 0.0
2 0.00499415397644043
1 0.0
2 0.00600743293762207
1 0.0009999275207519531
2 0.005037784576416016
1 0.0010004043579101562
2 0.004999637603759766
1 0.0009996891021728516
2 0.004999399185180664
1 0.0009996891021728516
2 0.00599980354309082
1 0.0010006427764892578
2 0.0049991607666015625
1 0.0
2 0.005997419357299805
1 0.0010340213775634766
2 0.005043506622314453
1 0.0
2 0.005000114440917969
1 0.0
2 0.004999876022338867
1 0.0009996891021728516
2 0.006999969482421875
1 0.0010001659393310547
2 0.006999969482421875
1 0.0
2 0.004998922348022461
1 0.0
2 0.00500178337097168
1 0.0
2 0.00599980354309082
1 0.0
2 0.00599980354309082
1 0.0009949207305908203
2 0.004992485046386719
1 0.0009911060333251953
2 0.00500035285949707
1 0.0010004043579101562
2 0.007999897003173828
1 0.0010004043579101562
2 0.008000850677490234
1 0.0009992122650146484
2 0.0070002079010009766
1 0.001001119613647461
2 0.0070002079010009766
1 0.0
2 0.0059986114501953125
1 0.0009958744049072266
2 0.003999233245849609
1 0.0009999275207519531
2 0.004999399185180664
1 0.0
2 0.004999637603759766
1 0.0
2 0.004999637603759766
1 0.0
2 0.00500035285949707
1 0.0009996891021728516
2 0.005008220672607422
1 0.0
2 0.005001068115234375
1 0.0
2 0.006000041961669922
1 0.0
2 0.00500035285949707
1 0.0010013580322265625
2 0.004999399185180664
1 0.0
2 0.006000041961669922
1 0.007999897003173828
2 0.1770000457763672
1 0.001007080078125
2 0.004992485046386719
1 0.0009996891021728516
2 0.00500035285949707
1 0.0
2 0.004999637603759766
1 0.0
2 0.006000041961669922
1 0.0009999275207519531
2 0.004999876022338867
1 0.0009999275207519531
2 0.005001068115234375
1 0.0
2 0.005000114440917969
1 0.0010004043579101562
2 0.004999876022338867
1 0.0
2 0.005000114440917969
1 0.0
2 0.006001949310302734
1 0.0010066032409667969
2 0.004991054534912109
1 0.0010001659393310547
2 0.004999876022338867
1 0.0009996891021728516
2 0.00500035285949707
1 0.0010004043579101562
2 0.005999326705932617
1 0.0
2 0.005000114440917969
1 0.0
2 0.00599980354309082
1 0.0
2 0.004999876022338867
1 0.0009996891021728516
2 0.004999637603759766
1 0.0
2 0.0060002803802490234
1 0.0
2 0.005007028579711914
1 0.00099945068359375
2 0.00500035285949707
1 0.0
2 0.004999637603759766
1 0.0010001659393310547
2 0.004999637603759766
1 0.0
2 0.006000041961669922
1 0.0010004043579101562
2 0.004999399185180664
1 0.0010001659393310547
2 0.004999876022338867
1 0.0
2 0.005000114440917969
1 0.0010008811950683594
2 0.004998922348022461
1 0.0010013580322265625
2 0.005000114440917969
1 0.0
2 0.005000114440917969
1 0.0
2 0.005000114440917969
1 0.0
2 0.008001327514648438
1 0.0009963512420654297
2 0.004999876022338867
1 0.0010001659393310547
2 0.004999876022338867
1 0.0
2 0.00599980354309082
1 0.0009999275207519531
2 0.00800013542175293
1 0.0010004043579101562
2 0.007999658584594727
1 0.0
2 0.004999876022338867
1 0.0009999275207519531
2 0.004999876022338867
1 0.004999876022338867
2 0.1699998378753662
1 0.00099945068359375
2 0.006000995635986328
1 0.0
2 0.0060002803802490234
1 0.0009996891021728516
2 0.004999876022338867
1 0.0
2 0.00500035285949707
1 0.0009996891021728516
2 0.004999637603759766
1 0.0009996891021728516
2 0.00500035285949707
1 0.0
2 0.004999876022338867
1 0.0010006427764892578
2 0.005999565124511719
1 0.0
2 0.005000114440917969
1 0.0010001659393310547
2 0.00699925422668457
1 0.0010008811950683594
2 0.005999088287353516
1 0.0010004043579101562
2 0.00599980354309082
1 0.0
2 0.0050013065338134766
1 0.0
2 0.004999876022338867
1 0.0
2 0.00500035285949707
1 0.0
2 0.004999876022338867
1 0.0
2 0.0050013065338134766
1 0.0010025501251220703
2 0.0049974918365478516
1 0.0
2 0.004999876022338867
1 0.0009992122650146484
2 0.0070002079010009766
1 0.0010001659393310547
2 0.00800013542175293
1 0.001999378204345703
2 0.007999897003173828
1 0.0010001659393310547
2 0.007999897003173828
1 0.0009999275207519531
2 0.006999969482421875
1 0.0009999275207519531
2 0.006999969482421875
1 0.0010001659393310547
2 0.007999658584594727
1 0.0009999275207519531
2 0.0070002079010009766
1 0.00099945068359375
2 0.007000923156738281
1 0.0009999275207519531
2 0.0070002079010009766
1 0.0010013580322265625
2 0.005998134613037109
1 0.0
2 0.006000041961669922
1 0.0
2 0.00500035285949707
1 0.0
2 0.005000114440917969
1 0.0010004043579101562
2 0.005000114440917969
1 0.0
2 0.00500035285949707
1 0.0010001659393310547
2 0.006999969482421875
1 0.0009996891021728516
2 0.006000041961669922
1 0.0
2 0.006000041961669922
1 0.0009999275207519531
2 0.005000114440917969
1 0.005507707595825195
2 0.16394448280334473
1 0.0
2 0.005001068115234375
1 0.0009996891021728516
2 0.004999876022338867
1 0.0010001659393310547
2 0.005000114440917969
1 0.0010001659393310547
2 0.004999876022338867
1 0.0
2 0.00500035285949707
1 0.0009996891021728516
2 0.007999181747436523
1 0.0010001659393310547
2 0.004999399185180664
1 0.0010848045349121094
2 0.00799560546875
1 0.001020193099975586
2 0.007077932357788086
1 0.0010001659393310547
2 0.004999637603759766
1 0.000993490219116211
2 0.005005598068237305
1 0.00099945068359375
2 0.006999969482421875
1 0.0009999275207519531
2 0.007999658584594727
1 0.0
2 0.007999181747436523
1 0.0
2 0.0059986114501953125
1 0.0010001659393310547
2 0.004999637603759766
1 0.00099945068359375
2 0.00500035285949707
1 0.0010001659393310547
2 0.00800013542175293
1 0.0010004043579101562
2 0.007999658584594727
1 0.0010001659393310547
2 0.0060007572174072266
1 0.0
2 0.0060007572174072266
1 0.0
2 0.004999399185180664
1 0.0
2 0.005999565124511719
1 0.0009999275207519531
2 0.005000114440917969
1 0.0
2 0.005000114440917969
1 0.0009999275207519531
2 0.004999876022338867
1 0.0
2 0.005000114440917969
1 0.0
2 0.004999876022338867
1 0.0
2 0.005000591278076172
1 0.0009999275207519531
2 0.004999876022338867
1 0.0009999275207519531
2 0.005000114440917969
1 0.0
2 0.004999399185180664
1 0.0
2 0.00500035285949707
1 0.0
2 0.005999088287353516
1 0.0
2 0.004998922348022461
1 0.0010001659393310547
2 0.0069997310638427734
1 0.0010008811950683594
2 0.004999637603759766
1 0.0010001659393310547
2 0.006999969482421875
1 0.0010001659393310547
2 0.004999637603759766
1 0.004980802536010742
2 0.17000818252563477
1 0.0009958744049072266
2 0.0069980621337890625
1 0.001001596450805664
2 0.004998207092285156
1 0.0
2 0.004999876022338867
1 0.0009999275207519531
2 0.004999399185180664
1 0.0
2 0.004999399185180664
1 0.0
2 0.00500035285949707
1 0.0
2 0.0050008296966552734
1 0.0010004043579101562
2 0.004999876022338867
1 0.0010001659393310547
2 0.004999876022338867
1 0.0009999275207519531
2 0.004999876022338867
1 0.00099945068359375
2 0.00500035285949707
1 0.0
2 0.005000114440917969
1 0.0
2 0.00599980354309082
1 0.0009996891021728516
2 0.004999876022338867
1 0.0010004043579101562
2 0.004999876022338867
1 0.0010004043579101562
2 0.007000446319580078
1 0.0
2 0.00600743293762207
1 0.0010006427764892578
2 0.00500035285949707
1 0.0
2 0.004999637603759766
1 0.0
2 0.005998849868774414
1 0.0009996891021728516
2 0.005000114440917969
1 0.0009965896606445312
2 0.005999565124511719
1 0.0010006427764892578
2 0.005000114440917969
1 0.0
2 0.004999876022338867
1 0.0
2 0.004999876022338867
1 0.0
2 0.004999876022338867
1 0.0
2 0.005000114440917969
1 0.0
2 0.005999565124511719
1 0.0010008811950683594
2 0.004998922348022461
1 0.0
2 0.005000114440917969
1 0.0
2 0.004999876022338867
1 0.0009996891021728516
2 0.006999969482421875
1 0.0010001659393310547
2 0.0060002803802490234
1 0.0009999275207519531
2 0.004999876022338867
1 0.0009999275207519531
2 0.004999876022338867
1 0.0009999275207519531
2 0.00500035285949707
1 0.0
2 0.004999399185180664
1 0.0
2 0.005003213882446289
1 0.0
2 0.005007505416870117
